[[0.0013397502, -1.0299377e-12, 0.0013397578, -2.1235078e-13, 0.026702914, 0.007710882, 0.026735751, 0.007698447],
[0.0013416685, -4.8091397e-13, 0.0013416685, -3.2968019e-13, 0.026665481, 0.0076562953, 0.026663419, 0.0076581379],
[0.0013396216, -1.250072e-12, 0.0013396315, -1.9856829e-13, 0.026776245, 0.0077475365, 0.026833944, 0.0077288854],
[0.0013427192, -3.2680998e-13, 0.0013427133, -2.9204097e-13, 0.026598051, 0.0076850783, 0.026615873, 0.0076702628],
[0.0013410678, -8.2440446e-13, 0.0013410704, -2.2084981e-13, 0.026692221, 0.0076851025, 0.026704671, 0.0076807789]]

MEAN:
[  1.34096546e-03  -7.82427622e-13   1.34096830e-03  -2.50698008e-13 ,2.66869824e-02   7.69697892e-03   2.67107316e-02   7.68730240e-03]

x_real_mean = 1.34096546e-03
x_imag_mean = -7.82427622e-13
y_real_mean = 1.34096830e-03
y_imag_mean = -2.50698008e-13

x_real_var = 2.66869824e-02
x_imag_var = 7.69697892e-03
y_real_var = 2.67107316e-02
y_imag_var = 7.68730240e-03